{
 "cells": [
  {
   "cell_type": "code",
   "execution_count": 5,
   "id": "711cd63e",
   "metadata": {},
   "outputs": [],
   "source": [
    "import pandas as pd\n",
    "df = pd.read_csv(r\"https://raw.githubusercontent.com/vishurudratrainer/notebooks/main/deathrate.csv\")"
   ]
  },
  {
   "cell_type": "code",
   "execution_count": 6,
   "id": "0e226c82",
   "metadata": {},
   "outputs": [
    {
     "data": {
      "text/html": [
       "<div>\n",
       "<style scoped>\n",
       "    .dataframe tbody tr th:only-of-type {\n",
       "        vertical-align: middle;\n",
       "    }\n",
       "\n",
       "    .dataframe tbody tr th {\n",
       "        vertical-align: top;\n",
       "    }\n",
       "\n",
       "    .dataframe thead th {\n",
       "        text-align: right;\n",
       "    }\n",
       "</style>\n",
       "<table border=\"1\" class=\"dataframe\">\n",
       "  <thead>\n",
       "    <tr style=\"text-align: right;\">\n",
       "      <th></th>\n",
       "      <th>A1</th>\n",
       "      <th>A2</th>\n",
       "      <th>A3</th>\n",
       "      <th>A4</th>\n",
       "      <th>A5</th>\n",
       "      <th>A6</th>\n",
       "      <th>A7</th>\n",
       "      <th>A8</th>\n",
       "      <th>A9</th>\n",
       "      <th>A10</th>\n",
       "      <th>A11</th>\n",
       "      <th>A12</th>\n",
       "      <th>A13</th>\n",
       "      <th>A14</th>\n",
       "      <th>A15</th>\n",
       "      <th>A16</th>\n",
       "    </tr>\n",
       "  </thead>\n",
       "  <tbody>\n",
       "    <tr>\n",
       "      <th>0</th>\n",
       "      <td>36</td>\n",
       "      <td>27</td>\n",
       "      <td>71</td>\n",
       "      <td>8.1</td>\n",
       "      <td>3.34</td>\n",
       "      <td>11.4</td>\n",
       "      <td>81.5</td>\n",
       "      <td>3243</td>\n",
       "      <td>8.8</td>\n",
       "      <td>42.6</td>\n",
       "      <td>11.7</td>\n",
       "      <td>21</td>\n",
       "      <td>15</td>\n",
       "      <td>59</td>\n",
       "      <td>59</td>\n",
       "      <td>921.870</td>\n",
       "    </tr>\n",
       "    <tr>\n",
       "      <th>1</th>\n",
       "      <td>35</td>\n",
       "      <td>23</td>\n",
       "      <td>72</td>\n",
       "      <td>11.1</td>\n",
       "      <td>3.14</td>\n",
       "      <td>11.0</td>\n",
       "      <td>78.8</td>\n",
       "      <td>4281</td>\n",
       "      <td>3.6</td>\n",
       "      <td>50.7</td>\n",
       "      <td>14.4</td>\n",
       "      <td>8</td>\n",
       "      <td>10</td>\n",
       "      <td>39</td>\n",
       "      <td>57</td>\n",
       "      <td>997.875</td>\n",
       "    </tr>\n",
       "    <tr>\n",
       "      <th>2</th>\n",
       "      <td>44</td>\n",
       "      <td>29</td>\n",
       "      <td>74</td>\n",
       "      <td>10.4</td>\n",
       "      <td>3.21</td>\n",
       "      <td>9.8</td>\n",
       "      <td>81.6</td>\n",
       "      <td>4260</td>\n",
       "      <td>0.8</td>\n",
       "      <td>39.4</td>\n",
       "      <td>12.4</td>\n",
       "      <td>6</td>\n",
       "      <td>6</td>\n",
       "      <td>33</td>\n",
       "      <td>54</td>\n",
       "      <td>962.354</td>\n",
       "    </tr>\n",
       "    <tr>\n",
       "      <th>3</th>\n",
       "      <td>47</td>\n",
       "      <td>45</td>\n",
       "      <td>79</td>\n",
       "      <td>6.5</td>\n",
       "      <td>3.41</td>\n",
       "      <td>11.1</td>\n",
       "      <td>77.5</td>\n",
       "      <td>3125</td>\n",
       "      <td>27.1</td>\n",
       "      <td>50.2</td>\n",
       "      <td>20.6</td>\n",
       "      <td>18</td>\n",
       "      <td>8</td>\n",
       "      <td>24</td>\n",
       "      <td>56</td>\n",
       "      <td>982.291</td>\n",
       "    </tr>\n",
       "    <tr>\n",
       "      <th>4</th>\n",
       "      <td>43</td>\n",
       "      <td>35</td>\n",
       "      <td>77</td>\n",
       "      <td>7.6</td>\n",
       "      <td>3.44</td>\n",
       "      <td>9.6</td>\n",
       "      <td>84.6</td>\n",
       "      <td>6441</td>\n",
       "      <td>24.4</td>\n",
       "      <td>43.7</td>\n",
       "      <td>14.3</td>\n",
       "      <td>43</td>\n",
       "      <td>38</td>\n",
       "      <td>206</td>\n",
       "      <td>55</td>\n",
       "      <td>1071.289</td>\n",
       "    </tr>\n",
       "  </tbody>\n",
       "</table>\n",
       "</div>"
      ],
      "text/plain": [
       "   A1  A2  A3    A4    A5    A6    A7    A8    A9   A10   A11  A12  A13  A14  \\\n",
       "0  36  27  71   8.1  3.34  11.4  81.5  3243   8.8  42.6  11.7   21   15   59   \n",
       "1  35  23  72  11.1  3.14  11.0  78.8  4281   3.6  50.7  14.4    8   10   39   \n",
       "2  44  29  74  10.4  3.21   9.8  81.6  4260   0.8  39.4  12.4    6    6   33   \n",
       "3  47  45  79   6.5  3.41  11.1  77.5  3125  27.1  50.2  20.6   18    8   24   \n",
       "4  43  35  77   7.6  3.44   9.6  84.6  6441  24.4  43.7  14.3   43   38  206   \n",
       "\n",
       "   A15       A16  \n",
       "0   59   921.870  \n",
       "1   57   997.875  \n",
       "2   54   962.354  \n",
       "3   56   982.291  \n",
       "4   55  1071.289  "
      ]
     },
     "execution_count": 6,
     "metadata": {},
     "output_type": "execute_result"
    }
   ],
   "source": [
    "df.head()"
   ]
  },
  {
   "cell_type": "code",
   "execution_count": 7,
   "id": "f1699fe5",
   "metadata": {},
   "outputs": [
    {
     "data": {
      "text/html": [
       "<div>\n",
       "<style scoped>\n",
       "    .dataframe tbody tr th:only-of-type {\n",
       "        vertical-align: middle;\n",
       "    }\n",
       "\n",
       "    .dataframe tbody tr th {\n",
       "        vertical-align: top;\n",
       "    }\n",
       "\n",
       "    .dataframe thead th {\n",
       "        text-align: right;\n",
       "    }\n",
       "</style>\n",
       "<table border=\"1\" class=\"dataframe\">\n",
       "  <thead>\n",
       "    <tr style=\"text-align: right;\">\n",
       "      <th></th>\n",
       "      <th>A1</th>\n",
       "      <th>A2</th>\n",
       "      <th>A3</th>\n",
       "      <th>A4</th>\n",
       "      <th>A5</th>\n",
       "      <th>A6</th>\n",
       "      <th>A7</th>\n",
       "      <th>A8</th>\n",
       "      <th>A9</th>\n",
       "      <th>A10</th>\n",
       "      <th>A11</th>\n",
       "      <th>A12</th>\n",
       "      <th>A13</th>\n",
       "      <th>A14</th>\n",
       "      <th>A15</th>\n",
       "      <th>A16</th>\n",
       "    </tr>\n",
       "  </thead>\n",
       "  <tbody>\n",
       "    <tr>\n",
       "      <th>A1</th>\n",
       "      <td>1.000000</td>\n",
       "      <td>0.111138</td>\n",
       "      <td>0.503513</td>\n",
       "      <td>0.101113</td>\n",
       "      <td>0.263444</td>\n",
       "      <td>-0.490425</td>\n",
       "      <td>-0.490759</td>\n",
       "      <td>-0.003515</td>\n",
       "      <td>0.413649</td>\n",
       "      <td>-0.297254</td>\n",
       "      <td>0.506585</td>\n",
       "      <td>-0.531760</td>\n",
       "      <td>-0.490758</td>\n",
       "      <td>-0.106924</td>\n",
       "      <td>-0.045308</td>\n",
       "      <td>0.509499</td>\n",
       "    </tr>\n",
       "    <tr>\n",
       "      <th>A2</th>\n",
       "      <td>0.111138</td>\n",
       "      <td>1.000000</td>\n",
       "      <td>0.313156</td>\n",
       "      <td>-0.294481</td>\n",
       "      <td>-0.200240</td>\n",
       "      <td>-0.066462</td>\n",
       "      <td>-0.052264</td>\n",
       "      <td>0.198428</td>\n",
       "      <td>0.329613</td>\n",
       "      <td>0.143010</td>\n",
       "      <td>0.482197</td>\n",
       "      <td>0.274927</td>\n",
       "      <td>0.248326</td>\n",
       "      <td>-0.096869</td>\n",
       "      <td>0.056475</td>\n",
       "      <td>-0.057961</td>\n",
       "    </tr>\n",
       "    <tr>\n",
       "      <th>A3</th>\n",
       "      <td>0.503513</td>\n",
       "      <td>0.313156</td>\n",
       "      <td>1.000000</td>\n",
       "      <td>-0.433984</td>\n",
       "      <td>0.261230</td>\n",
       "      <td>-0.236587</td>\n",
       "      <td>-0.416351</td>\n",
       "      <td>-0.059642</td>\n",
       "      <td>0.576679</td>\n",
       "      <td>-0.019936</td>\n",
       "      <td>0.617885</td>\n",
       "      <td>-0.357213</td>\n",
       "      <td>-0.342998</td>\n",
       "      <td>-0.100446</td>\n",
       "      <td>-0.435176</td>\n",
       "      <td>0.278444</td>\n",
       "    </tr>\n",
       "    <tr>\n",
       "      <th>A4</th>\n",
       "      <td>0.101113</td>\n",
       "      <td>-0.294481</td>\n",
       "      <td>-0.433984</td>\n",
       "      <td>1.000000</td>\n",
       "      <td>-0.509087</td>\n",
       "      <td>-0.138862</td>\n",
       "      <td>0.065010</td>\n",
       "      <td>0.161991</td>\n",
       "      <td>-0.637457</td>\n",
       "      <td>-0.119742</td>\n",
       "      <td>-0.309771</td>\n",
       "      <td>-0.020486</td>\n",
       "      <td>0.000912</td>\n",
       "      <td>0.017248</td>\n",
       "      <td>0.103759</td>\n",
       "      <td>-0.174602</td>\n",
       "    </tr>\n",
       "    <tr>\n",
       "      <th>A5</th>\n",
       "      <td>0.263444</td>\n",
       "      <td>-0.200240</td>\n",
       "      <td>0.261230</td>\n",
       "      <td>-0.509087</td>\n",
       "      <td>1.000000</td>\n",
       "      <td>-0.395075</td>\n",
       "      <td>-0.410590</td>\n",
       "      <td>-0.184332</td>\n",
       "      <td>0.418899</td>\n",
       "      <td>-0.423461</td>\n",
       "      <td>0.259904</td>\n",
       "      <td>-0.388205</td>\n",
       "      <td>-0.363140</td>\n",
       "      <td>-0.004084</td>\n",
       "      <td>-0.136590</td>\n",
       "      <td>0.357315</td>\n",
       "    </tr>\n",
       "    <tr>\n",
       "      <th>A6</th>\n",
       "      <td>-0.490425</td>\n",
       "      <td>-0.066462</td>\n",
       "      <td>-0.236587</td>\n",
       "      <td>-0.138862</td>\n",
       "      <td>-0.395075</td>\n",
       "      <td>1.000000</td>\n",
       "      <td>0.552237</td>\n",
       "      <td>-0.243883</td>\n",
       "      <td>-0.208679</td>\n",
       "      <td>0.702990</td>\n",
       "      <td>-0.403338</td>\n",
       "      <td>0.286835</td>\n",
       "      <td>0.226264</td>\n",
       "      <td>-0.234346</td>\n",
       "      <td>0.140478</td>\n",
       "      <td>-0.510984</td>\n",
       "    </tr>\n",
       "    <tr>\n",
       "      <th>A7</th>\n",
       "      <td>-0.490759</td>\n",
       "      <td>-0.052264</td>\n",
       "      <td>-0.416351</td>\n",
       "      <td>0.065010</td>\n",
       "      <td>-0.410590</td>\n",
       "      <td>0.552237</td>\n",
       "      <td>1.000000</td>\n",
       "      <td>0.181881</td>\n",
       "      <td>-0.410186</td>\n",
       "      <td>0.338238</td>\n",
       "      <td>-0.680680</td>\n",
       "      <td>0.386767</td>\n",
       "      <td>0.352848</td>\n",
       "      <td>0.117952</td>\n",
       "      <td>0.109326</td>\n",
       "      <td>-0.426819</td>\n",
       "    </tr>\n",
       "    <tr>\n",
       "      <th>A8</th>\n",
       "      <td>-0.003515</td>\n",
       "      <td>0.198428</td>\n",
       "      <td>-0.059642</td>\n",
       "      <td>0.161991</td>\n",
       "      <td>-0.184332</td>\n",
       "      <td>-0.243883</td>\n",
       "      <td>0.181881</td>\n",
       "      <td>1.000000</td>\n",
       "      <td>-0.005524</td>\n",
       "      <td>-0.031207</td>\n",
       "      <td>-0.162945</td>\n",
       "      <td>0.120282</td>\n",
       "      <td>0.165985</td>\n",
       "      <td>0.432086</td>\n",
       "      <td>-0.092495</td>\n",
       "      <td>0.265498</td>\n",
       "    </tr>\n",
       "    <tr>\n",
       "      <th>A9</th>\n",
       "      <td>0.413649</td>\n",
       "      <td>0.329613</td>\n",
       "      <td>0.576679</td>\n",
       "      <td>-0.637457</td>\n",
       "      <td>0.418899</td>\n",
       "      <td>-0.208679</td>\n",
       "      <td>-0.410186</td>\n",
       "      <td>-0.005524</td>\n",
       "      <td>1.000000</td>\n",
       "      <td>-0.002149</td>\n",
       "      <td>0.705383</td>\n",
       "      <td>-0.026002</td>\n",
       "      <td>0.010097</td>\n",
       "      <td>0.159113</td>\n",
       "      <td>-0.088480</td>\n",
       "      <td>0.643773</td>\n",
       "    </tr>\n",
       "    <tr>\n",
       "      <th>A10</th>\n",
       "      <td>-0.297254</td>\n",
       "      <td>0.143010</td>\n",
       "      <td>-0.019936</td>\n",
       "      <td>-0.119742</td>\n",
       "      <td>-0.423461</td>\n",
       "      <td>0.702990</td>\n",
       "      <td>0.338238</td>\n",
       "      <td>-0.031207</td>\n",
       "      <td>-0.002149</td>\n",
       "      <td>1.000000</td>\n",
       "      <td>-0.185193</td>\n",
       "      <td>0.203699</td>\n",
       "      <td>0.161960</td>\n",
       "      <td>-0.067223</td>\n",
       "      <td>0.028818</td>\n",
       "      <td>-0.283897</td>\n",
       "    </tr>\n",
       "    <tr>\n",
       "      <th>A11</th>\n",
       "      <td>0.506585</td>\n",
       "      <td>0.482197</td>\n",
       "      <td>0.617885</td>\n",
       "      <td>-0.309771</td>\n",
       "      <td>0.259904</td>\n",
       "      <td>-0.403338</td>\n",
       "      <td>-0.680680</td>\n",
       "      <td>-0.162945</td>\n",
       "      <td>0.705383</td>\n",
       "      <td>-0.185193</td>\n",
       "      <td>1.000000</td>\n",
       "      <td>-0.129784</td>\n",
       "      <td>-0.110944</td>\n",
       "      <td>-0.096483</td>\n",
       "      <td>-0.122409</td>\n",
       "      <td>0.410487</td>\n",
       "    </tr>\n",
       "    <tr>\n",
       "      <th>A12</th>\n",
       "      <td>-0.531760</td>\n",
       "      <td>0.274927</td>\n",
       "      <td>-0.357213</td>\n",
       "      <td>-0.020486</td>\n",
       "      <td>-0.388205</td>\n",
       "      <td>0.286835</td>\n",
       "      <td>0.386767</td>\n",
       "      <td>0.120282</td>\n",
       "      <td>-0.026002</td>\n",
       "      <td>0.203699</td>\n",
       "      <td>-0.129784</td>\n",
       "      <td>1.000000</td>\n",
       "      <td>0.984034</td>\n",
       "      <td>0.282296</td>\n",
       "      <td>-0.015025</td>\n",
       "      <td>-0.177237</td>\n",
       "    </tr>\n",
       "    <tr>\n",
       "      <th>A13</th>\n",
       "      <td>-0.490758</td>\n",
       "      <td>0.248326</td>\n",
       "      <td>-0.342998</td>\n",
       "      <td>0.000912</td>\n",
       "      <td>-0.363140</td>\n",
       "      <td>0.226264</td>\n",
       "      <td>0.352848</td>\n",
       "      <td>0.165985</td>\n",
       "      <td>0.010097</td>\n",
       "      <td>0.161960</td>\n",
       "      <td>-0.110944</td>\n",
       "      <td>0.984034</td>\n",
       "      <td>1.000000</td>\n",
       "      <td>0.410084</td>\n",
       "      <td>-0.039677</td>\n",
       "      <td>-0.080446</td>\n",
       "    </tr>\n",
       "    <tr>\n",
       "      <th>A14</th>\n",
       "      <td>-0.106924</td>\n",
       "      <td>-0.096869</td>\n",
       "      <td>-0.100446</td>\n",
       "      <td>0.017248</td>\n",
       "      <td>-0.004084</td>\n",
       "      <td>-0.234346</td>\n",
       "      <td>0.117952</td>\n",
       "      <td>0.432086</td>\n",
       "      <td>0.159113</td>\n",
       "      <td>-0.067223</td>\n",
       "      <td>-0.096483</td>\n",
       "      <td>0.282296</td>\n",
       "      <td>0.410084</td>\n",
       "      <td>1.000000</td>\n",
       "      <td>-0.089983</td>\n",
       "      <td>0.425893</td>\n",
       "    </tr>\n",
       "    <tr>\n",
       "      <th>A15</th>\n",
       "      <td>-0.045308</td>\n",
       "      <td>0.056475</td>\n",
       "      <td>-0.435176</td>\n",
       "      <td>0.103759</td>\n",
       "      <td>-0.136590</td>\n",
       "      <td>0.140478</td>\n",
       "      <td>0.109326</td>\n",
       "      <td>-0.092495</td>\n",
       "      <td>-0.088480</td>\n",
       "      <td>0.028818</td>\n",
       "      <td>-0.122409</td>\n",
       "      <td>-0.015025</td>\n",
       "      <td>-0.039677</td>\n",
       "      <td>-0.089983</td>\n",
       "      <td>1.000000</td>\n",
       "      <td>-0.054004</td>\n",
       "    </tr>\n",
       "    <tr>\n",
       "      <th>A16</th>\n",
       "      <td>0.509499</td>\n",
       "      <td>-0.057961</td>\n",
       "      <td>0.278444</td>\n",
       "      <td>-0.174602</td>\n",
       "      <td>0.357315</td>\n",
       "      <td>-0.510984</td>\n",
       "      <td>-0.426819</td>\n",
       "      <td>0.265498</td>\n",
       "      <td>0.643773</td>\n",
       "      <td>-0.283897</td>\n",
       "      <td>0.410487</td>\n",
       "      <td>-0.177237</td>\n",
       "      <td>-0.080446</td>\n",
       "      <td>0.425893</td>\n",
       "      <td>-0.054004</td>\n",
       "      <td>1.000000</td>\n",
       "    </tr>\n",
       "  </tbody>\n",
       "</table>\n",
       "</div>"
      ],
      "text/plain": [
       "           A1        A2        A3        A4        A5        A6        A7  \\\n",
       "A1   1.000000  0.111138  0.503513  0.101113  0.263444 -0.490425 -0.490759   \n",
       "A2   0.111138  1.000000  0.313156 -0.294481 -0.200240 -0.066462 -0.052264   \n",
       "A3   0.503513  0.313156  1.000000 -0.433984  0.261230 -0.236587 -0.416351   \n",
       "A4   0.101113 -0.294481 -0.433984  1.000000 -0.509087 -0.138862  0.065010   \n",
       "A5   0.263444 -0.200240  0.261230 -0.509087  1.000000 -0.395075 -0.410590   \n",
       "A6  -0.490425 -0.066462 -0.236587 -0.138862 -0.395075  1.000000  0.552237   \n",
       "A7  -0.490759 -0.052264 -0.416351  0.065010 -0.410590  0.552237  1.000000   \n",
       "A8  -0.003515  0.198428 -0.059642  0.161991 -0.184332 -0.243883  0.181881   \n",
       "A9   0.413649  0.329613  0.576679 -0.637457  0.418899 -0.208679 -0.410186   \n",
       "A10 -0.297254  0.143010 -0.019936 -0.119742 -0.423461  0.702990  0.338238   \n",
       "A11  0.506585  0.482197  0.617885 -0.309771  0.259904 -0.403338 -0.680680   \n",
       "A12 -0.531760  0.274927 -0.357213 -0.020486 -0.388205  0.286835  0.386767   \n",
       "A13 -0.490758  0.248326 -0.342998  0.000912 -0.363140  0.226264  0.352848   \n",
       "A14 -0.106924 -0.096869 -0.100446  0.017248 -0.004084 -0.234346  0.117952   \n",
       "A15 -0.045308  0.056475 -0.435176  0.103759 -0.136590  0.140478  0.109326   \n",
       "A16  0.509499 -0.057961  0.278444 -0.174602  0.357315 -0.510984 -0.426819   \n",
       "\n",
       "           A8        A9       A10       A11       A12       A13       A14  \\\n",
       "A1  -0.003515  0.413649 -0.297254  0.506585 -0.531760 -0.490758 -0.106924   \n",
       "A2   0.198428  0.329613  0.143010  0.482197  0.274927  0.248326 -0.096869   \n",
       "A3  -0.059642  0.576679 -0.019936  0.617885 -0.357213 -0.342998 -0.100446   \n",
       "A4   0.161991 -0.637457 -0.119742 -0.309771 -0.020486  0.000912  0.017248   \n",
       "A5  -0.184332  0.418899 -0.423461  0.259904 -0.388205 -0.363140 -0.004084   \n",
       "A6  -0.243883 -0.208679  0.702990 -0.403338  0.286835  0.226264 -0.234346   \n",
       "A7   0.181881 -0.410186  0.338238 -0.680680  0.386767  0.352848  0.117952   \n",
       "A8   1.000000 -0.005524 -0.031207 -0.162945  0.120282  0.165985  0.432086   \n",
       "A9  -0.005524  1.000000 -0.002149  0.705383 -0.026002  0.010097  0.159113   \n",
       "A10 -0.031207 -0.002149  1.000000 -0.185193  0.203699  0.161960 -0.067223   \n",
       "A11 -0.162945  0.705383 -0.185193  1.000000 -0.129784 -0.110944 -0.096483   \n",
       "A12  0.120282 -0.026002  0.203699 -0.129784  1.000000  0.984034  0.282296   \n",
       "A13  0.165985  0.010097  0.161960 -0.110944  0.984034  1.000000  0.410084   \n",
       "A14  0.432086  0.159113 -0.067223 -0.096483  0.282296  0.410084  1.000000   \n",
       "A15 -0.092495 -0.088480  0.028818 -0.122409 -0.015025 -0.039677 -0.089983   \n",
       "A16  0.265498  0.643773 -0.283897  0.410487 -0.177237 -0.080446  0.425893   \n",
       "\n",
       "          A15       A16  \n",
       "A1  -0.045308  0.509499  \n",
       "A2   0.056475 -0.057961  \n",
       "A3  -0.435176  0.278444  \n",
       "A4   0.103759 -0.174602  \n",
       "A5  -0.136590  0.357315  \n",
       "A6   0.140478 -0.510984  \n",
       "A7   0.109326 -0.426819  \n",
       "A8  -0.092495  0.265498  \n",
       "A9  -0.088480  0.643773  \n",
       "A10  0.028818 -0.283897  \n",
       "A11 -0.122409  0.410487  \n",
       "A12 -0.015025 -0.177237  \n",
       "A13 -0.039677 -0.080446  \n",
       "A14 -0.089983  0.425893  \n",
       "A15  1.000000 -0.054004  \n",
       "A16 -0.054004  1.000000  "
      ]
     },
     "execution_count": 7,
     "metadata": {},
     "output_type": "execute_result"
    }
   ],
   "source": [
    "df.corr()"
   ]
  },
  {
   "cell_type": "code",
   "execution_count": 12,
   "id": "437c452e",
   "metadata": {},
   "outputs": [
    {
     "data": {
      "text/plain": [
       "Text(0, 0.5, 'A16')"
      ]
     },
     "execution_count": 12,
     "metadata": {},
     "output_type": "execute_result"
    },
    {
     "data": {
